4.173281608604740178e+00 5.977146684006570121e-01
5.588416709432769025e+00 1.457456824985983168e-01
-4.800466765813344416e+00 3.980302223859703559e-01
4.396832049114721919e+00 9.153348507280804069e-01
-7.890847688653517267e+00 7.929991123146229448e-01
4.071399318350386487e+00 2.404954469528538530e-01
5.609496998128004286e+00 -2.350825782374343365e-01
-4.662941462505901136e+00 1.122866736130519127e+00
4.304815592380697886e+00 -1.670513429193047072e-01
7.916893597653370307e+00 -1.889564416386514178e+00
4.752459431958138580e+00 -2.957191392103890037e-01
-4.052444762677149370e+00 1.102272994347656354e+00
-5.410195464353927619e+00 -5.067624116813896906e-01
4.256696661152582273e+00 -1.673563559170237747e-01
6.630754296044228724e+00 -6.174887953945912278e-01
3.175521995930449926e+00 3.988377899744748323e-01
3.755934558590226402e+00 9.759994656318088380e-01
-6.172976162308497550e+00 -2.017479120896592537e+00
-2.618879928412887192e+00 3.217598648521689864e+00
-6.188786459253732275e-01 3.033475945083257130e+00
3.018173284565465853e+00 1.453862894915890935e+00
4.098478767999187866e+00 5.273623383849650459e-01
-5.537523908526104321e+00 -3.449161608463849227e+00
4.672756985598180535e+00 -4.962145833719716070e-01
-5.065108062145347034e+00 2.506762655667245654e-01
-5.713083506373664022e+00 -9.576496324715566555e-01
-9.440155991973684380e-01 2.030801557290401238e+00
3.217868645431840591e+00 2.666808234050626614e-01
6.517262224347357247e+00 -5.907948767659733369e-02
-2.784214969988767940e+00 3.596190993992610885e+00
3.907814719410081850e+00 4.694244413450708586e-02
6.333051477792567496e+00 -1.444914829019228408e+00
4.259636011848210835e+00 -6.379997697109736077e-01
4.253275023206534833e+00 1.078332860008236471e+00
-6.991679409090325592e-01 1.724100633950585104e+00
-5.439159860233496069e+00 -1.992541951811496403e+00
-3.503084252271021271e+00 2.453154628460259890e+00
3.550734280974340074e+00 4.619824624338332297e-01
4.481771496085853457e+00 7.038886399232497926e-01
-4.007411770913813953e+00 -1.000065672157636421e+00
-2.691735678137996413e+00 1.770827447652591591e+00
-5.970057827470792056e+00 -2.471361934315798425e+00
5.301360573082816607e+00 -1.624648460247940240e-01
-1.665548983596354393e+00 2.687233424187913666e+00
5.508814843267805905e+00 -8.458759617804787467e-01
-4.517650016647532851e+00 3.403158047106688677e+00
-5.884948873351046217e+00 -3.313561989290073617e-01
4.805700008792205047e+00 -1.025318034508276854e+00
3.138713832215648036e+00 1.320810871200287062e+00
2.205234109151862576e+00 5.113454067726995733e-01
-2.517374093784292999e+00 -3.385371786863064614e+00
-1.388185322399113186e+00 8.702165977156720578e-01
1.936094572699500027e+00 1.390963868480830978e+00
-4.790680300486286569e+00 -4.326491247290647491e-01
5.252630033484837035e+00 -5.359710180804519442e-02
5.442997486980609700e+00 -7.974092433651409628e-01
4.393881259142630391e+00 5.134660899771597009e-01
6.710198892160331496e+00 -1.176747931620413468e+00
3.996062197795325233e+00 -4.765602944144584074e-01
5.540777636933273520e+00 -1.146198273325856443e+00
4.408319198951284434e+00 3.986355703600529266e-01
5.720427942215800421e+00 3.100157626472474504e-02
-4.378339712031640296e+00 1.138946773442300664e+00
4.520532091782020423e+00 1.158970509099544605e-01
-1.976169589059887155e+00 3.437809661423830154e-01
4.671021045307184316e+00 -5.295240145328918846e-01
4.531323079988862190e+00 3.131523487474678347e-01
-3.668868040834919242e+00 3.777505514982148482e-01
5.356641796485286378e+00 6.640312568486531619e-01
4.939470055897274392e+00 5.194380850787470028e-01
-5.432568973121072453e+00 6.435602713429515731e-01
-3.984899924587067321e+00 -2.662851176955189358e-01
-3.805881318492300380e+00 1.556709528030407519e+00
6.023976022594350610e+00 -5.541470315595085072e-01
-3.897185098359568833e+00 1.493691930913473076e+00
-6.392544275540954501e+00 -4.315293338690983638e-01
6.400863322891508389e+00 -2.904106898266548553e-01
3.518712607728150310e+00 -3.057896488387977230e-01
3.426782964758298800e+00 1.418626482682145973e+00
3.086373823929705384e+00 1.213265704499514985e+00
-3.695222615421386969e+00 8.739075206819230113e-01
4.924969558183470930e+00 -6.665479059739885109e-03
4.202142762873263493e+00 1.734619951487533118e+00
3.415252807147981517e+00 3.711605940041201035e-01
-6.182562375313754188e+00 -5.061835998065736808e-01
5.477615304279626507e+00 -1.244036081660098825e+00
3.911265256982547456e+00 -2.707711106790012812e-01
-5.569248036474082397e+00 3.435265503026146972e-01
-6.538133084117876415e+00 -1.405619697473357466e+00
4.974786512498596380e+00 -1.062733670648606132e+00
-2.455515801824697864e+00 8.878061450091011553e-01
4.315617403303180666e+00 2.300343241823226692e-01
-4.589602122837921350e+00 -6.754460826171284626e-01
4.556661543386309354e+00 9.310219796538236059e-01
-3.324125159736135871e+00 9.956744749824563145e-01
5.927584069635309483e+00 6.900690747576593287e-01
-6.011280758261587920e+00 -5.405195274658585181e-01
-2.638378363631484813e+00 1.375354328824564876e+00
5.086300864341337657e+00 -9.060327925790575554e-01
-2.481396182556767638e+00 -6.195862409045682639e-01
-4.540598138401642281e+00 2.397601854671050081e-01
5.774824773510341736e+00 -4.934223016116966454e-01
4.223558851659485747e+00 2.373322978105872616e-01
-4.056635758116042823e+00 1.844184840824722171e-01
-3.623760428973138659e+00 -2.053799017927598669e+00
5.357882598967702137e+00 2.868425033586931988e-02
-2.690827036820839790e+00 -1.601313473961424871e-01
5.912725034137396030e+00 8.550194971683634515e-01
-4.560591539481270829e+00 3.118548482899961449e+00
3.618979251471170056e+00 1.045909207899517135e+00
4.537974126827450050e+00 2.847384824799650271e-01
-4.223107320865944203e+00 -2.082404981189454052e-01
-1.339420803179234731e+00 -3.118152789439743167e-01
4.959777664794127183e+00 3.840099391996319445e-01
3.619130268786919125e+00 1.206797621874284854e+00
3.950739310796259396e+00 4.633748152625521421e-01
4.855650996052282231e+00 5.696903100565359201e-01
3.726043241583241183e+00 4.364049506908217468e-01
-2.607068407927552123e+00 -3.079210463125767183e-01
5.452016412721631511e+00 1.742389178491081381e-01
-4.126731450568585480e+00 1.695584960464488367e+00
-6.491073818674953699e+00 -2.251632608112682732e+00
4.113228700851879971e+00 9.342413365652758594e-01
-2.632422226895816397e+00 4.743037691483273921e-01
4.664804731676722049e+00 1.236167401696096402e+00
-4.166021416840870017e+00 2.878395949929630326e+00
-5.679280576847585138e+00 -6.290438382513506843e-01
-3.687679494552392079e+00 1.243818929007163510e+00
5.198497180991204836e+00 -9.205138819220589630e-01
5.811000159796165576e+00 7.328297684816483804e-01
4.591507154120056278e+00 1.876746804268152879e-01
5.671477924506408641e+00 -6.861086913471599047e-01
4.889222966082400035e+00 9.312277668764091798e-01
-2.457716287132718058e+00 2.511464258120077453e+00
2.833460428764807748e+00 -1.053917446330023822e-01
6.075293056763669597e+00 -1.324003272400525288e+00
-8.198809018961208395e-01 -6.171881004374953905e-01
-5.272221488665270961e+00 -3.310212891694068182e-01
3.823778487607286891e+00 1.139168906482344923e+00
3.358518414756040293e+00 5.060207951158921524e-01
-1.608588071412865528e+00 4.105480190469906532e+00
4.629185326943438206e+00 7.838713917529455122e-01
5.897172922863264333e+00 1.308052449419859140e-02
4.528796975432673122e+00 3.779608217153446748e-01
5.333880303153115676e+00 1.403503965078745752e+00
-3.866627647712546079e-01 2.087643527670844712e+00
-6.052921790646694333e+00 -1.625022158096698366e-01
4.231633144323103224e+00 7.702863162629979277e-01
6.048079697164502555e+00 4.738199119952896110e-01
-1.867960401728566477e+00 3.041512387968418052e-01
2.512311794945188304e+00 1.332009058340407615e+00
2.090084030113982472e+00 6.325374138386717915e-01
3.398151812760032087e+00 1.286960287011887361e-01
3.395640156320972380e+00 6.149852690292284541e-01
4.613615251102177517e+00 -1.220165321905044564e-01
-5.238147847968714466e+00 -7.630504592790540164e-01
-9.070732474774647613e-01 -1.824675943558918378e+00
-4.244761111701128797e+00 2.789941414825753419e-01
6.150856802666310408e+00 -1.051289708157639557e+00
-1.718581132719534388e+00 -9.679423635626622779e-01
5.079590707680870842e+00 4.409511494387542974e-01
6.055757867255268323e+00 -6.923826291933592447e-01
5.394574327961353610e+00 -7.390631504830417198e-01
5.946020160068266946e+00 -9.138848608154578335e-01
6.771289877864630213e-01 2.533083517067989288e+00
4.137408801693669425e+00 8.292022274570887141e-01
-7.501198090485131864e+00 2.421940683816063145e-01
-2.160036421343686897e+00 1.442877058973478510e+00
5.508276649867642760e+00 -4.047170967684580178e-01
2.016941566001850816e+00 8.675289440318688650e-01
3.860421267441060067e+00 4.809490004366693827e-01
3.248434385900878851e+00 -3.297112961232277067e-02
3.178975324334381458e+00 2.504757595170608031e+00
3.206182858687514514e+00 1.507997097746007986e+00
2.512870487840635381e+00 1.060291440449845357e+00
3.262648955664745998e+00 7.758485344720862376e-01
-7.420340510171939741e+00 -3.387679704861885188e+00
-2.990715596417392597e+00 -2.197872496070061743e+00
3.751051614478622120e+00 9.281900567431079496e-01
-5.715564654103956421e+00 1.099601978395014168e+00
4.330137136836897938e+00 2.493544960734242477e-01
-4.017304336948583021e+00 -3.033607025687594660e-01
-4.121153621791647126e+00 -2.790860392694250944e-02
-3.109249581903539728e+00 2.234535784086926213e+00
4.953651653970598367e+00 -1.601567419114801327e-01
-5.194465582746326859e+00 9.472957333305382921e-01
-3.179581118082349889e+00 -8.496785067447762962e-01
6.486563775568958690e+00 -8.927071896923124417e-01
5.114630890298125898e+00 -1.532871131950419796e+00
4.945192354536136037e+00 -6.454252530664371656e-01
6.776348832020062218e+00 -1.402235095400064413e+00
-4.412204743243943739e+00 7.325292051865800458e-01
-5.106471203870613706e+00 3.676055132021102123e-01
-2.087432582115288149e+00 -1.995987609520244455e+00
4.925823934706643037e+00 -5.738135250316834801e-01
-4.379171716060332287e+00 2.392215285969490957e+00
